"x" "y" "z"
"1" 90.77212 51.75918 1
"2" 16.11536 28.95312 1
"3" 31.1235 35.50002 1
"4" 39.79581 32.69104 1
"5" 48.82297 40.50366 1
"6" 78.17519 56.5843 1
"7" 29.97319 31.87137 1
"8" 61.66741 46.30729 1
"9" 55.47211 44.09255 1
"10" 8.93557 30.02324 1
"11" 73.36877 46.05974 1
"12" 60.94679 42.96545 1
"13" 30.12837 41.13832 1
"14" 63.49312 41.89534 1
"15" 69.4257 45.94758 1
"16" 33.65231 30.78103 1
"17" 60.49952 45.73121 1
"18" 89.56325 47.64866 1
"19" 37.79412 36.71042 1
"20" 55.99477 41.87292 1
"21" 0.1413198 26.84904 1
"22" 71.25819 49.54433 1
"23" 1.223218 27.91121 1
"24" 81.51914 45.5246 1
"25" 3.874102 23.16908 1
"26" 73.32387 49.9086 1
"27" 45.66414 40.22269 1
"28" 67.81447 45.13829 1
"29" 93.4453 56.401 1
"30" 3.16926 24.71206 1
"31" 46.40063 42.71837 1
"32" 34.40727 29.83873 1
"33" 4.860776 21.22408 1
"34" 52.615 39.12579 1
"35" 13.86071 30.9851 1
"36" 89.67519 50.49969 1
"37" 55.02998 40.27002 1
"38" 21.1138 31.83822 1
"39" 44.26442 38.66342 1
"40" 58.57412 43.15105 1
"41" 95.0795 50.40798 1
"42" 9.10939 26.93371 1
"43" 88.94967 52.68181 1
"44" 13.98662 29.29317 1
"45" 64.55277 44.046 1
"46" 42.33967 34.63249 1
"47" 50.44069 31.79641 1
"48" 66.32086 43.8787 1
"49" 78.7988 44.83925 1
"50" 33.02075 38.10411 1
"51" 32.8913 42.3402 1
"52" 83.16962 50.23783 1
"53" 61.49388 42.05323 1
"54" 6.272553 23.43612 1
"55" 58.0733 41.85744 1
"56" 47.57547 36.55812 1
"57" 26.70958 32.7664 1
"58" 96.97189 55.61026 1
"59" 52.713 32.01379 1
"60" 20.33603 24.97123 1
"61" 19.89503 26.94684 1
"62" 72.7339 40.16191 1
"63" 71.71202 44.47413 1
"64" 18.63857 31.49162 1
"65" 44.52088 34.67134 1
"66" 15.52144 31.82309 1
"67" 25.4598 31.24872 1
"68" 69.33804 49.22922 1
"69" 85.16207 51.44065 1
"70" 6.033774 24.55949 1
"71" 66.86249 43.54302 1
"72" 42.90409 35.93361 1
"73" 72.42627 45.07223 1
"74" 45.17913 34.16737 1
"75" 57.16254 44.17104 1
"76" 56.66865 44.34583 1
"77" 19.17482 28.42308 1
"78" 67.31819 47.46691 1
"79" 92.94657 54.34426 1
"80" 38.05714 37.62358 1
"81" 8.076713 34.5121 1
"82" 2.628109 26.51137 1
"83" 83.2709 46.1902 1
"84" 77.27084 48.24958 1
"85" 69.77994 46.26103 1
"86" 41.11539 39.87661 1
"87" 78.09971 48.07093 1
"88" 2.263955 33.63378 1
"89" 93.4694 57.82997 1
"90" 82.34963 48.70141 1
"91" 2.576484 23.75314 1
"92" 73.86135 46.39165 1
"93" 25.76554 29.80529 1
"94" 97.67732 57.2381 1
"95" 57.83722 45.1488 1
"96" 4.443484 24.45441 1
"97" 93.94787 53.29426 1
"98" 47.41257 40.03944 1
"99" 80.14195 47.81423 1
"100" 50.54338 41.71411 1
"101" 6.35424 26.93594 1
"102" 11.76942 33.52973 1
"103" 81.1503 55.8817 1
"104" 58.01215 43.53502 1
"105" 62.67445 48.56582 1
"106" 94.29133 51.87432 1
"107" 45.16976 39.88304 1
"108" 80.90371 53.92917 1
"109" 13.74151 28.42013 1
"110" 33.42162 34.34907 1
"111" 34.62778 34.38359 1
"112" 76.88236 48.33128 1
"113" 10.79456 24.12299 1
"114" 95.60855 51.20933 1
"115" 69.73568 51.42456 1
"116" 94.33734 49.79154 1
"117" 13.50388 27.05863 1
"118" 27.70459 32.88198 1
"119" 84.52742 46.62424 1
"120" 86.37302 48.00829 1
"121" 57.35431 43.84481 1
"122" 46.75617 40.58739 1
"123" 1.379824 28.31825 1
"124" 90.49764 58.72105 1
"125" 72.19773 43.85352 1
"126" 16.76677 28.27018 1
"127" 75.93843 45.92699 1
"128" 1.819939 23.00658 1
"129" 8.022969 28.1655 1
"130" 42.93163 32.68443 1
"131" 93.25565 53.18326 1
"132" 39.83588 38.57357 1
"133" 26.59674 28.35451 1
"134" 37.29753 38.45196 1
"135" 47.52046 36.87566 1
"136" 75.1744 49.62016 1
"137" 0.2596583 26.45004 1
"138" 99.78076 54.94169 1
"139" 91.91183 56.61093 1
"140" 94.28425 54.82494 1
"141" 57.24339 43.06431 1
"142" 79.55355 44.47037 1
"143" 21.98353 26.9668 1
"144" 90.73267 50.99645 1
"145" 0.8269232 23.94448 1
"146" 20.07521 36.78514 1
"147" 3.085331 23.20261 1
"148" 1.640238 29.24154 1
"149" 86.41892 48.29227 1
"150" 4.090842 26.44928 1
"151" 73.14632 41.92012 1
"152" 35.69761 36.06232 1
"153" 26.79294 28.37727 1
"154" 34.33314 30.54773 1
"155" 21.35976 28.63378 1
"156" 71.27702 55.49952 1
"157" 98.247 52.58674 1
"158" 69.61504 48.45984 1
"159" 94.51118 55.66456 1
"160" 87.91199 53.79432 1
"161" 8.554812 34.18967 1
"162" 31.94292 32.06259 1
"163" 28.86104 39.41378 1
"164" 69.44575 50.99077 1
"165" 34.72403 34.0659 1
"166" 33.83673 32.47591 1
"167" 26.67848 31.69139 1
"168" 92.48548 53.9745 1
"169" 37.57963 36.35658 1
"170" 34.73635 36.45029 1
"171" 63.43339 39.15678 1
"172" 72.98123 45.19347 1
"173" 0.7966615 27.1918 1
"174" 62.91113 36.55756 1
"175" 49.27984 40.6798 1
"176" 89.67982 50.21369 1
"177" 2.339266 28.48216 1
"178" 62.8877 39.66642 1
"179" 74.30772 47.39453 1
"180" 95.05759 54.52471 1
"181" 22.58763 32.85686 1
"182" 25.1262 33.36349 1
"183" 94.1664 55.63503 1
"184" 98.3644 55.86413 1
"185" 84.1042 53.2746 1
"186" 59.7063 40.01256 1
"187" 19.66474 31.42045 1
"188" 52.99597 35.85099 1
"189" 27.1129 31.58384 1
"190" 17.36868 32.86745 1
"191" 67.40848 41.79986 1
"192" 26.14429 24.96309 1
"193" 18.37156 27.18373 1
"194" 29.84677 37.16578 1
"195" 86.01044 55.52468 1
"196" 33.54098 33.76612 1
"197" 32.65353 35.78712 1
"198" 54.17066 42.55848 1
"199" 31.76129 40.57794 1
"200" 98.12208 56.83628 1
"201" 71.62579 48.55815 1
"202" 32.29905 38.04823 1
"203" 29.06927 35.2395 1
"204" 28.15984 29.40033 1
"205" 92.69007 52.28714 1
"206" 9.365453 26.58427 1
"207" 35.36695 35.98481 1
"208" 42.85631 36.1548 1
"209" 37.07244 37.95401 1
"210" 98.05642 52.47677 1
"211" 23.48097 33.94497 1
"212" 25.99771 34.29973 1
"213" 87.11752 47.10963 1
"214" 16.40208 31.10617 1
"215" 79.94823 51.84907 1
"216" 59.03252 39.68543 1
"217" 8.86732 29.72042 1
"218" 34.09096 40.85095 1
"219" 26.62382 35.0611 1
"220" 80.25504 45.1789 1
"221" 19.83797 28.78725 1
"222" 60.90953 41.95997 1
"223" 7.737775 28.64639 1
"224" 17.87545 26.74686 1
"225" 72.95465 46.67909 1
"226" 30.12102 33.56273 1
"227" 54.6635 40.02604 1
"228" 13.5225 31.11717 1
"229" 69.04751 44.66329 1
"230" 63.84137 39.67979 1
"231" 82.96889 48.76233 1
"232" 99.2091 55.23515 1
"233" 75.90073 47.32251 1
"234" 21.09738 24.32935 1
"235" 10.52075 25.52038 1
"236" 66.2493 41.30685 1
"237" 87.07296 53.66759 1
"238" 82.95092 51.23893 1
"239" 87.40985 50.77603 1
"240" 73.25916 44.72536 1
"241" 99.2867 55.46972 1
"242" 15.68673 29.69594 1
"243" 6.031937 23.62967 1
"244" 38.11955 34.03005 1
"245" 10.49621 30.12082 1
"246" 92.56361 47.28846 1
"247" 67.04201 45.02451 1
"248" 37.40342 36.84163 1
"249" 63.77918 43.42958 1
"250" 51.72261 37.80747 1
"251" 44.11144 37.21612 1
"252" 82.63942 48.86614 1
"253" 90.514 45.61422 1
"254" 5.029196 21.90413 1
"255" 68.10348 42.71992 1
"256" 49.40476 37.1276 1
"257" 83.54386 51.55479 1
"258" 47.94333 43.50869 1
"259" 56.57284 37.71517 1
"260" 75.3108 44.04632 1
"261" 16.30101 25.30929 1
"262" 55.85087 44.84207 1
"263" 46.04219 33.78076 1
"264" 73.55403 50.44015 1
"265" 82.92565 46.37154 1
"266" 90.74304 52.60198 1
"267" 99.31368 51.99116 1
"268" 92.62888 52.69141 1
"269" 56.80318 37.15995 1
"270" 79.78273 49.10243 1
"271" 77.67198 50.77218 1
"272" 34.04731 34.72216 1
"273" 21.87909 28.98806 1
"274" 66.48732 42.50404 1
"275" 31.67054 33.07992 1
"276" 98.82756 56.09468 1
"277" 94.71505 50.50494 1
"278" 1.910308 23.23577 1
"279" 39.13322 36.12654 1
"280" 45.72816 35.71517 1
"281" 75.29085 48.03015 1
"282" 91.16646 53.17234 1
"283" 61.09308 41.48833 1
"284" 62.2207 41.64714 1
"285" 31.36638 34.84069 1
"286" 93.80196 55.78558 1
"287" 35.46188 35.49397 1
"288" 12.63955 28.14598 1
"289" 55.489 42.69888 1
"290" 35.52258 36.76343 1
"291" 65.77271 42.88374 1
"292" 9.92675 26.33946 1
"293" 87.88902 47.23332 1
"294" 55.36595 38.14748 1
"295" 54.48521 42.11672 1
"296" 79.39783 53.89003 1
"297" 80.75142 51.08925 1
"298" 37.74076 37.61934 1
"299" 77.68413 50.04663 1
"300" 8.813502 28.92884 1
"301" 34.66414 35.05181 1
"302" 36.23513 36.19491 1
"303" 71.4882 42.84872 1
"304" 43.81382 35.99806 1
"305" 74.00274 48.12328 1
"306" 35.53707 35.63925 1
"307" 25.79219 34.70895 1
"308" 27.58666 36.35315 1
"309" 29.46685 35.25109 1
"310" 97.45893 53.70855 1
"311" 6.300958 21.05131 1
"312" 40.32825 40.69932 1
"313" 0.03192024 29.30738 1
"314" 44.55709 38.52837 1
"315" 1.523862 28.30415 1
"316" 2.413508 31.23578 1
"317" 51.87585 42.07031 1
"318" 9.209952 29.5606 1
"319" 25.38269 33.59486 1
"320" 53.24676 35.63181 1
"321" 55.07045 39.77066 1
"322" 59.68833 46.9682 1
"323" 83.77343 42.56442 1
"324" 5.786227 28.26951 1
"325" 71.92039 44.61382 1
"326" 38.44157 35.20612 1
"327" 88.65514 50.25814 1
"328" 85.07382 52.05973 1
"329" 51.66195 40.54126 1
"330" 4.805643 33.25859 1
"331" 48.26196 39.25969 1
"332" 74.42197 45.29501 1
"333" 58.88925 42.80979 1
"334" 97.31837 55.28682 1
"335" 13.77029 26.45219 1
"336" 94.38998 53.88098 1
"337" 77.11049 43.82229 1
"338" 18.58059 32.37903 1
"339" 29.43173 35.30062 1
"340" 38.73585 36.80314 1
"341" 64.86185 42.25605 1
"342" 68.06191 49.26981 1
"343" 67.29513 42.89457 1
"344" 8.793047 26.33232 1
"345" 61.53004 44.92962 1
"346" 30.52198 33.58428 1
"347" 6.550581 28.8741 1
"348" 88.8291 52.956 1
"349" 72.45668 50.91104 1
"350" 93.03762 52.36864 1
"351" 98.80798 56.71693 1
"352" 66.98566 44.72825 1
"353" 90.81199 50.21199 1
"354" 0.1896715 29.03212 1
"355" 91.86352 54.87716 1
"356" 50.42325 36.18809 1
"357" 4.723051 27.1031 1
"358" 63.47731 48.77867 1
"359" 81.12104 47.50271 1
"360" 78.21824 45.60284 1
"361" 92.94702 56.70206 1
"362" 21.21514 29.85007 1
"363" 43.66525 39.58188 1
"364" 27.41723 32.64133 1
"365" 35.44186 37.79989 1
"366" 30.30405 36.05824 1
"367" 85.88328 49.75789 1
"368" 51.86266 40.42123 1
"369" 82.3647 53.62478 1
"370" 23.84768 30.36344 1
"371" 86.71772 53.4035 1
"372" 25.2828 31.8968 1
"373" 93.633 53.38533 1
"374" 56.09946 45.15897 1
"375" 83.28167 46.21015 1
"376" 77.13521 45.72783 1
"377" 35.45618 38.36605 1
"378" 49.11908 47.19821 1
"379" 28.29209 30.89039 1
"380" 43.05852 36.10296 1
"381" 71.77618 48.38244 1
"382" 68.4153 46.48373 1
"383" 6.50209 30.00139 1
"384" 40.22277 35.25367 1
"385" 47.8079 44.67661 1
"386" 58.5041 45.26189 1
"387" 65.40127 46.11509 1
"388" 94.24822 51.02222 1
"389" 73.72505 41.81692 1
"390" 57.92255 40.19132 1
"391" 38.51066 40.88547 1
"392" 94.83488 51.76925 1
"393" 29.44753 38.33972 1
"394" 82.3041 51.75864 1
"395" 65.1046 39.69566 1
"396" 56.47112 38.68754 1
"397" 0.3945387 21.94127 1
"398" 88.1601 51.98601 1
"399" 24.70561 29.97164 1
"400" 33.76388 39.70766 1
"401" 50.8239 38.5116 1
"402" 80.55362 46.79166 1
"403" 54.2158 35.68611 1
"404" 33.00106 37.99908 1
"405" 23.38877 36.07271 1
"406" 90.2141 52.80225 1
"407" 10.60813 22.2472 1
"408" 29.97989 31.24863 1
"409" 14.83769 28.64515 1
"410" 14.84819 26.37657 1
"411" 66.77141 43.98539 1
"412" 42.92022 39.89134 1
"413" 78.81641 45.13797 1
"414" 96.67291 51.20678 1
"415" 94.63575 49.45779 1
"416" 56.74659 40.50629 1
"417" 37.44478 35.5167 1
"418" 78.34025 50.53065 1
"419" 87.6924 51.15579 1
"420" 2.839887 25.0398 1
"421" 55.79008 42.97432 1
"422" 86.93279 54.42541 1
"423" 31.2629 33.05203 1
"424" 1.666087 26.39817 1
"425" 17.48606 31.44521 1
"426" 67.27113 45.081 1
"427" 54.85594 42.76625 1
"428" 32.1536 34.61283 1
"429" 90.0228 54.23674 1
"430" 26.385 31.17427 1
"431" 26.46477 40.48957 1
"432" 32.05072 33.97139 1
"433" 33.5948 36.0279 1
"434" 18.95727 28.65822 1
"435" 40.85912 40.49881 1
"436" 56.13108 42.39379 1
"437" 68.74635 45.0113 1
"438" 61.74461 47.13849 1
"439" 24.7347 30.57597 1
"440" 81.77651 55.8034 1
"441" 36.3264 38.27594 1
"442" 52.47204 43.15705 1
"443" 33.16069 35.10518 1
"444" 52.76052 44.14059 1
"445" 48.08642 38.29613 1
"446" 60.40021 45.43808 1
"447" 70.76134 48.71535 1
"448" 4.746915 29.57236 1
"449" 39.83937 36.39363 1
"450" 24.0188 28.21317 1
"451" 98.71592 53.17051 1
"452" 57.11086 37.87679 1
"453" 28.53344 32.58011 1
"454" 39.19912 38.24101 1
"455" 95.57614 48.74068 1
"456" 0.7610972 26.48558 1
"457" 53.74028 37.9747 1
"458" 93.03158 48.5511 1
"459" 18.61612 30.66986 1
"460" 36.51278 33.33385 1
"461" 30.99691 29.2735 1
"462" 14.25933 27.28196 1
"463" 28.04845 36.39127 1
"464" 45.2908 38.61039 1
"465" 47.14637 45.52699 1
"466" 20.43847 27.9672 1
"467" 69.37164 46.3741 1
"468" 10.95252 23.09392 1
"469" 70.46987 43.59316 1
"470" 26.38015 30.61146 1
"471" 38.96407 36.62339 1
"472" 5.561997 26.8289 1
"473" 88.40223 50.27124 1
"474" 6.00428 26.0956 1
"475" 7.345223 28.59452 1
"476" 6.141911 25.12876 1
"477" 15.45973 27.93045 1
"478" 23.40886 31.5811 1
"479" 0.8989036 27.99491 1
"480" 61.58435 45.41199 1
"481" 78.8452 45.00621 1
"482" 16.89366 26.6323 1
"483" 86.44203 49.97879 1
"484" 87.61163 54.34447 1
"485" 27.78788 32.48734 1
"486" 14.79867 30.85979 1
"487" 40.64632 37.48866 1
"488" 10.55396 28.0586 1
"489" 56.07587 39.60046 1
"490" 1.837277 22.35276 1
"491" 97.92376 57.08056 1
"492" 25.17436 35.11523 1
"493" 31.18821 31.16771 1
"494" 95.34359 51.18233 1
"495" 18.58393 31.39549 1
"496" 8.995822 32.40359 1
"497" 80.30037 48.19514 1
"498" 1.344207 25.43346 1
"499" 23.59467 37.07387 1
"500" 24.37552 29.36098 1
"501" 89.3108 52.90387 1
"502" 71.24936 46.78125 1
"503" 11.88237 31.25198 1
"504" 9.308568 29.264 1
"505" 67.29784 38.00771 1
"506" 89.71087 53.8112 1
"507" 57.00708 40.15752 1
"508" 43.00879 39.15032 1
"509" 27.53353 29.09598 1
"510" 16.22855 32.61566 1
"511" 63.99266 43.82396 1
"512" 54.08141 43.56687 1
"513" 6.650856 25.69629 1
"514" 70.75279 50.88403 1
"515" 11.31224 28.08509 1
"516" 86.65678 50.2273 1
"517" 73.65212 43.97076 1
"518" 92.90815 57.68936 1
"519" 40.86416 36.90251 1
"520" 13.92306 27.98409 1
"521" 39.35589 35.4664 1
"522" 13.89073 28.72537 1
"523" 36.85926 37.61345 1
"524" 31.30243 29.7751 1
"525" 34.87496 40.9174 1
"526" 96.10575 56.2895 1
"527" 19.7992 32.88149 1
"528" 44.11189 34.86219 1
"529" 97.9835 54.85661 1
"530" 88.8094 52.28763 1
"531" 46.26407 41.96273 1
"532" 42.33984 41.23118 1
"533" 87.53023 56.50519 1
"534" 56.97105 41.74866 1
"535" 12.43035 30.47843 1
"536" 9.266069 28.57564 1
"537" 78.4322 52.40694 1
"538" 60.40885 44.53384 1
"539" 43.87391 40.11232 1
"540" 2.854395 23.06183 1
"541" 78.53406 44.724 1
"542" 24.76878 29.01044 1
"543" 34.61602 37.45893 1
"544" 88.73945 53.8148 1
"545" 22.42586 28.59535 1
"546" 47.79169 39.01925 1
"547" 89.0853 52.37508 1
"548" 97.34271 53.07329 1
"549" 82.1229 46.80925 1
"550" 49.92698 41.21505 1
"551" 61.23964 37.86029 1
"552" 34.15393 32.97915 1
"553" 15.6022 31.52961 1
"554" 22.34373 29.01716 1
"555" 1.890515 25.49578 1
"556" 14.60691 29.22282 1
"557" 13.58039 25.793 1
"558" 87.56382 53.31502 1
"559" 73.37773 46.44546 1
"560" 71.79125 46.11987 1
"561" 26.10556 31.5268 1
"562" 70.68051 39.96539 1
"563" 13.34266 29.2923 1
"564" 0.9261676 22.61689 1
"565" 45.65199 33.9692 1
"566" 8.137736 23.06081 1
"567" 75.7138 53.14419 1
"568" 70.7806 48.00325 1
"569" 91.13954 50.38214 1
"570" 93.24737 51.99487 1
"571" 0.7771826 26.06677 1
"572" 75.65167 53.96645 1
"573" 33.39828 34.52368 1
"574" 72.52372 41.28048 1
"575" 90.76202 52.52617 1
"576" 1.699549 27.15913 1
"577" 85.02711 55.28317 1
"578" 97.91982 54.33674 1
"579" 93.48916 51.49224 1
"580" 95.01643 56.34453 1
"581" 16.32274 28.16505 1
"582" 60.20912 41.10697 1
"583" 23.08916 33.97057 1
"584" 25.69826 32.99694 1
"585" 74.01917 47.67012 1
"586" 57.63205 41.63615 1
"587" 51.35994 36.22485 1
"588" 2.114699 27.46961 1
"589" 15.12774 27.67982 1
"590" 16.20079 27.35109 1
"591" 97.11136 55.32647 1
"592" 73.34182 46.7239 1
"593" 93.89009 56.45329 1
"594" 38.01328 39.11351 1
"595" 95.56407 51.32227 1
"596" 16.82327 28.97058 1
"597" 32.75221 34.68291 1
"598" 66.54072 43.29531 1
"599" 96.65733 54.62822 1
"600" 80.21971 51.9257 1
"601" 91.74516 50.91295 1
"602" 53.25778 37.30605 1
"603" 31.64297 36.76969 1
"604" 65.05069 43.6158 1
"605" 20.22726 30.62487 1
"606" 80.48935 50.07877 1
"607" 43.41891 45.73423 1
"608" 26.61038 35.86029 1
"609" 42.18105 39.56503 1
"610" 26.36088 34.76763 1
"611" 64.4795 41.0129 1
"612" 78.81082 48.98962 1
"613" 20.60323 32.1692 1
"614" 82.31433 48.65836 1
"615" 39.55929 38.52411 1
"616" 91.3368 53.82143 1
"617" 66.72853 40.52572 1
"618" 71.28053 52.90719 1
"619" 94.18416 55.34037 1
"620" 6.286474 25.97714 1
"621" 87.53741 48.97599 1
"622" 73.96578 42.48507 1
"623" 70.69087 42.94999 1
"624" 51.05186 40.18557 1
"625" 15.47014 26.87742 1
"626" 83.86783 49.95634 1
"627" 9.259611 28.20408 1
"628" 76.84855 43.91419 1
"629" 99.89826 49.27854 1
"630" 26.18575 38.38718 1
"631" 41.0751 34.06798 1
"632" 59.29376 40.46077 1
"633" 4.335442 28.43367 1
"634" 49.35765 33.60919 1
"635" 41.10377 35.14491 1
"636" 66.3095 47.3948 1
"637" 7.88789 22.6546 1
"638" 17.51123 30.88662 1
"639" 2.835152 20.96974 1
"640" 2.911044 25.02346 1
"641" 71.26063 52.25063 1
"642" 91.92241 52.01646 1
"643" 10.4233 26.46965 1
"644" 1.349113 23.33877 1
"645" 82.76421 55.58379 1
"646" 3.72879 25.89376 1
"647" 35.56566 41.57779 1
"648" 73.48497 51.09105 1
"649" 64.29518 49.00526 1
"650" 61.13306 46.44445 1
"651" 27.39517 33.77261 1
"652" 78.49614 52.74842 1
"653" 14.69703 30.63895 1
"654" 31.73633 30.79344 1
"655" 11.45471 25.85199 1
"656" 46.79117 41.76903 1
"657" 37.94043 35.16919 1
"658" 42.12083 37.13142 1
"659" 97.20173 56.36994 1
"660" 6.570619 26.53493 1
"661" 8.620458 27.23687 1
"662" 87.13968 47.9797 1
"663" 88.65955 52.29594 1
"664" 81.30596 51.4906 1
"665" 84.91473 49.33595 1
"666" 42.20649 42.91274 1
"667" 80.12883 48.45463 1
"668" 7.754426 29.78859 1
"669" 53.98257 42.52926 1
"670" 23.90624 31.68147 1
"671" 4.645114 25.22426 1
"672" 63.34214 49.31927 1
"673" 93.06377 50.50308 1
"674" 58.14051 39.9823 1
"675" 30.84983 34.5491 1
"676" 25.67858 34.19576 1
"677" 63.44156 53.30744 1
"678" 64.16191 44.27344 1
"679" 71.23372 43.21775 1
"680" 21.06939 32.82445 1
"681" 32.07639 32.57555 1
"682" 36.68727 36.17983 1
"683" 39.21529 40.63284 1
"684" 4.671562 26.578 1
"685" 7.850245 27.04923 1
"686" 60.73237 38.98389 1
"687" 79.39345 48.32382 1
"688" 99.6814 55.14057 1
"689" 37.71271 29.38843 1
"690" 95.42748 52.57073 1
"691" 76.19033 52.48878 1
"692" 60.0061 44.03234 1
"693" 11.18062 22.90386 1
"694" 31.52844 32.96682 1
"695" 18.97914 30.05994 1
"696" 34.90211 27.10088 1
"697" 86.57224 48.70755 1
"698" 50.57691 39.84574 1
"699" 27.00044 28.21925 1
"700" 34.2098 35.49818 1
"701" 67.17063 47.49969 1
"702" 43.0213 42.04719 1
"703" 80.5799 43.57349 1
"704" 78.9595 47.51408 1
"705" 33.19826 41.14228 1
"706" 37.87242 35.51325 1
"707" 54.70228 38.45313 1
"708" 2.667264 24.24665 1
"709" 14.86086 28.27393 1
"710" 48.88788 38.29622 1
"711" 52.53389 38.60086 1
"712" 87.69028 52.83279 1
"713" 54.09026 36.16238 1
"714" 8.212239 26.28994 1
"715" 69.01404 44.2938 1
"716" 24.5675 35.89091 1
"717" 27.49187 37.43875 1
"718" 43.65752 33.38652 1
"719" 32.3584 35.48983 1
"720" 87.58051 50.39052 1
"721" 6.799072 24.20064 1
"722" 79.83243 55.05038 1
"723" 74.55283 44.38538 1
"724" 71.56428 46.48617 1
"725" 59.23298 38.28955 1
"726" 87.65105 44.63961 1
"727" 69.02457 50.63075 1
"728" 95.56004 48.97718 1
"729" 66.23144 45.10927 1
"730" 93.09247 54.57179 1
"731" 57.53432 37.9013 1
"732" 74.63236 48.17344 1
"733" 68.08108 44.8025 1
"734" 45.5336 40.02646 1
"735" 43.43521 42.1137 1
"736" 15.9096 27.96672 1
"737" 44.00556 33.69309 1
"738" 82.72185 54.25152 1
"739" 16.23472 30.71778 1
"740" 77.61221 50.02309 1
"741" 31.17399 37.70899 1
"742" 49.38559 40.34357 1
"743" 37.54849 35.02628 1
"744" 38.15607 35.88543 1
"745" 74.66984 42.18436 1
"746" 88.85273 51.14261 1
"747" 45.75127 37.87971 1
"748" 56.94627 39.51584 1
"749" 95.02081 54.57993 1
"750" 41.01516 36.76928 1
"751" 85.57459 53.22808 1
"752" 4.510209 26.69107 1
"753" 0.9882676 27.28409 1
"754" 10.36932 26.43463 1
"755" 33.02348 36.8761 1
"756" 37.03589 35.90256 1
"757" 35.93451 43.38814 1
"758" 82.43256 50.92002 1
"759" 94.50156 59.24787 1
"760" 97.69174 57.24855 1
"761" 84.27163 46.53682 1
"762" 84.98162 52.0171 1
"763" 56.12163 39.23139 1
"764" 97.1835 51.65891 1
"765" 5.856757 18.33571 1
"766" 51.47551 36.87402 1
"767" 1.491593 23.43718 1
"768" 92.435 48.86094 1
"769" 72.69425 44.65868 1
"770" 88.17084 56.77527 1
"771" 8.894904 29.54809 1
"772" 17.03832 34.82991 1
"773" 71.08787 40.14955 1
"774" 74.93172 43.85344 1
"775" 51.60063 42.08338 1
"776" 94.27667 48.7148 1
"777" 95.54067 52.51044 1
"778" 28.21988 36.12464 1
"779" 32.92717 33.23751 1
"780" 16.10626 27.75818 1
"781" 19.61657 32.82028 1
"782" 15.60005 32.99842 1
"783" 22.24649 31.53428 1
"784" 6.793003 22.72443 1
"785" 68.57777 45.30982 1
"786" 14.38377 29.92993 1
"787" 8.484699 22.7938 1
"788" 45.36509 38.55239 1
"789" 4.643268 31.54398 1
"790" 4.385427 26.13009 1
"791" 34.26843 33.49884 1
"792" 45.83848 37.9191 1
"793" 12.98954 23.90914 1
"794" 94.60033 53.20712 1
"795" 20.84002 32.3659 1
"796" 20.71774 33.0515 1
"797" 52.96783 42.52129 1
"798" 8.546467 22.5995 1
"799" 20.84086 34.92859 1
"800" 12.54977 26.74051 1
"801" 14.38552 32.50171 1
"802" 30.79469 38.96745 1
"803" 95.90244 51.92849 1
"804" 6.711224 26.99466 1
"805" 24.10584 31.64917 1
"806" 57.74286 35.94864 1
"807" 89.70571 51.00342 1
"808" 11.3826 31.07175 1
"809" 32.73271 39.11014 1
"810" 37.44124 36.06663 1
"811" 72.56671 47.17196 1
"812" 61.81485 48.418 1
"813" 41.61544 33.68307 1
"814" 62.53242 44.00264 1
"815" 54.75073 45.79641 1
"816" 66.57013 45.45333 1
"817" 2.709834 28.34795 1
"818" 16.47844 28.00884 1
"819" 68.93413 45.15157 1
"820" 45.17052 38.02259 1
"821" 85.0254 47.19547 1
"822" 56.18038 44.77985 1
"823" 79.9267 46.19126 1
"824" 92.77471 49.25178 1
"825" 36.48889 36.89663 1
"826" 10.11382 21.03046 1
"827" 58.95372 44.42092 1
"828" 43.73833 36.77671 1
"829" 32.97629 35.78524 1
"830" 38.64225 33.94346 1
"831" 31.60636 35.26613 1
"832" 32.38436 41.9655 1
"833" 69.43854 39.82399 1
"834" 25.96654 35.18964 1
"835" 85.23532 51.83511 1
"836" 77.6915 48.50123 1
"837" 94.60708 55.22237 1
"838" 54.6052 40.09979 1
"839" 56.57429 40.23911 1
"840" 3.813052 26.7772 1
"841" 77.69107 51.02434 1
"842" 68.40356 41.30074 1
"843" 89.37823 50.4232 1
"844" 76.20735 47.94919 1
"845" 40.34605 34.75967 1
"846" 31.66253 30.05529 1
"847" 34.45378 37.1634 1
"848" 10.2642 28.12283 1
"849" 10.3097 27.53952 1
"850" 39.50617 31.94934 1
"851" 77.07866 43.2874 1
"852" 70.35368 47.33898 1
"853" 19.45708 34.35154 1
"854" 73.86083 41.50976 1
"855" 73.86253 45.68838 1
"856" 40.38092 38.05884 1
"857" 99.18593 54.37063 1
"858" 24.06727 32.94604 1
"859" 67.70205 42.80159 1
"860" 40.76143 35.45723 1
"861" 73.39175 49.6081 1
"862" 56.46457 45.56123 1
"863" 52.98669 38.87894 1
"864" 6.413975 24.99466 1
"865" 15.15387 28.67321 1
"866" 29.11779 35.33657 1
"867" 24.39246 32.17281 1
"868" 93.59766 55.71487 1
"869" 80.66602 51.49259 1
"870" 28.91456 34.355 1
"871" 10.79257 21.19629 1
"872" 58.96818 38.57948 1
"873" 8.955069 26.03102 1
"874" 43.47097 39.69841 1
"875" 36.51199 35.64977 1
"876" 95.9559 53.45686 1
"877" 57.17443 44.73923 1
"878" 36.43292 39.4236 1
"879" 7.418255 28.87469 1
"880" 18.22392 32.65964 1
"881" 93.04611 55.90966 1
"882" 6.517177 25.14508 1
"883" 59.82047 44.37224 1
"884" 30.4922 30.94894 1
"885" 13.07134 30.13254 1
"886" 43.68195 38.5818 1
"887" 1.055925 19.34229 1
"888" 97.55954 54.08715 1
"889" 44.9606 38.80832 1
"890" 24.70053 30.3269 1
"891" 26.00594 35.4792 1
"892" 97.27406 54.65109 1
"893" 70.63152 51.0345 1
"894" 44.83269 41.09803 1
"895" 51.256 40.33107 1
"896" 35.39951 33.73695 1
"897" 22.7029 28.84681 1
"898" 70.31088 48.2711 1
"899" 1.457364 26.20899 1
"900" 1.733925 20.26596 1
"901" 18.41932 30.48632 1
"902" 98.17916 53.16171 1
"903" 19.1692 34.27364 1
"904" 4.890899 26.20723 1
"905" 39.13588 35.33098 1
"906" 42.73727 33.62216 1
"907" 73.52357 49.1296 1
"908" 62.54685 46.32721 1
"909" 6.034961 24.79779 1
"910" 73.91122 44.76785 1
"911" 68.41778 39.02221 1
"912" 9.921338 22.46689 1
"913" 26.30125 37.9495 1
"914" 57.49216 42.05292 1
"915" 16.28695 35.21983 1
"916" 50.54054 42.58982 1
"917" 22.94341 38.4842 1
"918" 14.52602 29.66289 1
"919" 86.65589 55.57564 1
"920" 99.15893 52.47324 1
"921" 94.72915 52.69107 1
"922" 97.6698 50.96673 1
"923" 65.80977 38.88157 1
"924" 1.767044 21.91433 1
"925" 67.56076 43.3687 1
"926" 95.77036 50.62623 1
"927" 25.58616 30.3796 1
"928" 97.4685 54.50356 1
"929" 20.46945 29.10674 1
"930" 86.30553 53.91276 1
"931" 40.57666 35.3694 1
"932" 45.51753 35.91893 1
"933" 65.62365 45.12097 1
"934" 18.86044 32.28138 1
"935" 97.34157 59.3746 1
"936" 32.88448 33.66435 1
"937" 62.68195 44.89716 1
"938" 95.0692 55.82071 1
"939" 94.30306 58.51887 1
"940" 99.28038 57.60564 1
"941" 51.63751 43.34904 1
"942" 8.647568 23.46186 1
"943" 43.93526 41.89934 1
"944" 27.61149 35.11642 1
"945" 63.26899 41.01595 1
"946" 46.69908 41.63325 1
"947" 46.90546 35.15215 1
"948" 14.94338 33.25207 1
"949" 2.496441 22.84907 1
"950" 3.052405 28.69652 1
"951" 36.5883 33.98227 1
"952" 67.09173 45.56625 1
"953" 93.10806 52.7833 1
"954" 94.5724 54.96383 1
"955" 44.05596 35.66524 1
"956" 33.79942 34.35487 1
"957" 50.41871 35.36572 1
"958" 64.02275 43.42436 1
"959" 41.18016 40.56832 1
"960" 26.68168 32.43929 1
"961" 26.18069 31.99302 1
"962" 99.58774 55.56258 1
"963" 82.12785 54.31836 1
"964" 25.86646 28.75774 1
"965" 57.41279 48.83719 1
"966" 94.70347 51.27781 1
"967" 70.78979 44.02689 1
"968" 50.09192 40.14344 1
"969" 93.55673 49.08416 1
"970" 75.51095 42.96972 1
"971" 35.50759 27.12692 1
"972" 57.2623 43.7836 1
"973" 18.10044 28.20525 1
"974" 98.69179 50.28043 1
"975" 61.14152 48.55715 1
"976" 69.05044 48.23979 1
"977" 10.42906 31.62716 1
"978" 40.39286 36.40632 1
"979" 11.37304 24.08037 1
"980" 89.52535 54.68989 1
"981" 21.71603 31.76397 1
"982" 82.80281 49.08333 1
"983" 85.37306 45.71107 1
"984" 25.58093 32.87095 1
"985" 99.04882 56.67112 1
"986" 11.11378 26.46518 1
"987" 57.13999 46.53211 1
"988" 88.4155 52.19085 1
"989" 32.15179 35.27223 1
"990" 26.19269 39.55702 1
"991" 30.31639 29.66052 1
"992" 67.32976 54.4998 1
"993" 68.0358 47.66241 1
"994" 15.10325 29.23669 1
"995" 65.8444 49.38678 1
"996" 31.6624 30.13973 1
"997" 9.912738 31.422 1
"998" 78.85075 46.42045 1
"999" 78.46763 48.74484 1
"1000" 42.1632 38.38622 1
"1001" 54.15202 43.78855 1
"1002" 82.07133 53.46442 1
"1003" 38.58339 37.93877 1
"1004" 21.4465 32.09203 1
"1005" 10.48938 25.86977 1
"1006" 89.93662 51.41224 1
"1007" 6.386297 22.90431 1
"1008" 78.84592 52.84099 1
"1009" 45.72015 40.19591 1
"1010" 88.7708 54.70544 1
"1011" 83.66699 45.90206 1
"1012" 86.31956 52.75018 1
"1013" 1.014452 34.00821 1
"1014" 14.18405 30.41264 1
"1015" 61.13289 44.20813 1
"1016" 39.77245 38.00518 1
"1017" 0.6624283 31.21427 1
"1018" 13.04964 31.33115 1
"1019" 6.292318 25.82387 1
"1020" 23.55428 35.23522 1
"1021" 15.07643 33.03162 1
"1022" 66.54083 43.45352 1
"1023" 76.7656 48.8097 1
"1024" 94.58202 54.15661 1
"1025" 31.64931 38.21978 1
"1026" 55.44027 40.93155 1
"1027" 60.50469 43.7472 1
"1028" 21.10237 33.11301 1
"1029" 46.64883 35.21523 1
"1030" 93.88356 56.42966 1
"1031" 74.42415 51.87445 1
"1032" 48.55208 34.76057 1
"1033" 77.36076 46.49345 1
"1034" 39.90639 43.62103 1
"1035" 84.98659 46.2731 1
"1036" 10.55678 28.44613 1
"1037" 16.67575 33.515 1
"1038" 40.19498 39.66281 1
"1039" 14.34955 30.77322 1
"1040" 85.44281 51.99629 1
"1041" 44.23029 43.14975 1
"1042" 17.4215 33.62691 1
"1043" 95.9317 53.02362 1
"1044" 62.54109 47.90638 1
"1045" 57.49703 43.0436 1
"1046" 53.27226 43.53044 1
"1047" 74.27837 48.35795 1
"1048" 48.62632 39.1292 1
"1049" 14.14867 30.11899 1
"1050" 60.5695 38.12707 1
"1051" 60.90674 44.53683 1
"1052" 1.565107 28.4203 1
"1053" 12.43835 30.87364 1
"1054" 94.00805 50.49293 1
"1055" 79.26487 44.29292 1
"1056" 44.55592 42.81228 1
"1057" 18.08511 31.56707 1
"1058" 60.13987 41.48865 1
"1059" 71.4708 47.97046 1
"1060" 70.03911 46.89081 1
"1061" 80.13326 53.35201 1
"1062" 44.1722 39.62952 1
"1063" 19.54998 31.38216 1
"1064" 2.180399 25.51476 1
"1065" 53.83483 44.63975 1
"1066" 41.29421 42.54719 1
"1067" 38.38986 34.7362 1
"1068" 35.62938 40.39492 1
"1069" 0.994043 26.20379 1
"1070" 95.51823 49.76706 1
"1071" 20.19704 33.88571 1
"1072" 74.1467 47.39682 1
"1073" 67.48544 43.95703 1
"1074" 39.75164 40.19656 1
"1075" 32.42724 34.77527 1
"1076" 98.17242 53.2193 1
"1077" 77.81228 47.5135 1
"1078" 95.81614 56.34474 1
"1079" 86.71028 52.81788 1
"1080" 26.60403 30.86784 1
"1081" 93.8136 58.0987 1
"1082" 82.24152 51.39663 1
"1083" 96.25013 49.24504 1
"1084" 75.19208 43.84913 1
"1085" 25.21608 28.14905 1
"1086" 33.58588 34.47374 1
"1087" 57.50902 45.04336 1
"1088" 24.36556 28.55993 1
"1089" 45.05861 31.59933 1
"1090" 45.1305 38.87977 1
"1091" 73.36479 44.16534 1
"1092" 88.89343 51.50155 1
"1093" 95.04024 52.70792 1
"1094" 0.9145885 22.3536 1
"1095" 67.7524 45.82714 1
"1096" 21.01636 35.19791 1
"1097" 12.16914 32.83165 1
"1098" 72.2271 52.05918 1
"1099" 92.56008 53.98711 1
"1100" 31.77127 30.23628 1
"1101" 22.07571 27.98939 1
"1102" 74.30505 45.72452 1
"1103" 31.28624 34.21379 1
"1104" 55.66831 36.81787 1
"1105" 22.28145 29.78863 1
"1106" 78.38851 48.94241 1
"1107" 38.45435 35.75499 1
"1108" 8.55208 29.95236 1
"1109" 84.23623 46.75743 1
"1110" 9.906732 30.66407 1
"1111" 42.9854 42.45099 1
"1112" 10.31411 26.14576 1
"1113" 44.10017 41.64826 1
"1114" 10.56029 26.42142 1
"1115" 95.1468 53.29574 1
"1116" 46.69252 40.00283 1
"1117" 27.44375 33.81879 1
"1118" 65.12411 40.92754 1
"1119" 47.95051 39.52562 1
"1120" 68.33825 42.79119 1
"1121" 21.22928 30.90104 1
"1122" 4.88931 19.14332 1
"1123" 33.88467 35.48465 1
"1124" 36.08459 40.73582 1
"1125" 8.107422 25.7744 1
"1126" 39.9137 43.58882 1
"1127" 5.953922 26.95503 1
"1128" 89.68949 50.6109 1
"1129" 75.71223 45.72005 1
"1130" 56.55635 39.87011 1
"1131" 32.76921 31.66739 1
"1132" 24.85179 31.65873 1
"1133" 60.64757 43.62864 1
"1134" 38.43443 35.8663 1
"1135" 14.92055 32.83992 1
"1136" 94.85253 58.77937 1
"1137" 86.28915 51.79913 1
"1138" 94.58116 48.60579 1
"1139" 76.0839 44.79779 1
"1140" 64.03719 43.47901 1
"1141" 83.46305 49.5467 1
"1142" 78.11237 53.92849 1
"1143" 58.78732 44.5173 1
"1144" 43.13647 35.85574 1
"1145" 26.64372 35.48125 1
"1146" 92.84362 50.53765 1
"1147" 23.35974 36.11708 1
"1148" 40.71138 35.24513 1
"1149" 24.88161 33.49725 1
"1150" 36.24686 36.9391 1
"1151" 7.103488 22.40598 1
"1152" 36.20333 39.52214 1
"1153" 38.3338 34.67302 1
"1154" 9.832187 29.5129 1
"1155" 14.41172 30.70928 1
"1156" 43.46762 36.41998 1
"1157" 71.6219 48.89882 1
"1158" 35.13523 37.18799 1
"1159" 93.94939 51.19673 1
"1160" 68.88502 39.98947 1
"1161" 74.6668 44.60689 1
"1162" 76.25624 46.31941 1
"1163" 79.99568 49.57217 1
"1164" 84.1591 49.05211 1
"1165" 63.87272 46.775 1
"1166" 74.80128 49.25819 1
"1167" 61.72179 40.11323 1
"1168" 60.15628 44.03204 1
"1169" 58.72246 46.19154 1
"1170" 24.05614 33.67111 1
"1171" 69.97463 46.13348 1
"1172" 3.645875 25.24046 1
"1173" 3.240414 18.94231 1
"1174" 54.65959 39.08195 1
"1175" 32.74901 35.55042 1
"1176" 90.30668 49.86207 1
"1177" 63.24092 43.60153 1
"1178" 52.06441 43.64275 1
"1179" 68.69176 47.04808 1
"1180" 68.99836 42.1316 1
"1181" 27.35761 29.84919 1
"1182" 37.54268 35.89224 1
"1183" 96.4244 53.42393 1
"1184" 33.19852 35.13069 1
"1185" 47.21742 42.3763 1
"1186" 68.93761 39.18056 1
"1187" 51.24654 43.68798 1
"1188" 77.41105 54.64949 1
"1189" 74.87103 47.7919 1
"1190" 41.03488 35.92601 1
"1191" 39.80624 39.3152 1
"1192" 37.72901 41.28834 1
"1193" 12.80962 31.56902 1
"1194" 80.83347 50.73608 1
"1195" 85.89987 52.37882 1
"1196" 23.87139 28.30719 1
"1197" 68.61594 48.76714 1
"1198" 60.76045 41.41439 1
"1199" 43.0121 33.8306 1
"1200" 49.85679 40.10495 1
"1201" 46.07172 40.77993 1
"1202" 86.80922 48.45452 1
"1203" 79.57094 41.9131 1
"1204" 0.3598613 22.78993 1
"1205" 17.03264 25.22801 1
"1206" 48.85067 40.30456 1
"1207" 26.62219 29.51432 1
"1208" 43.23415 34.12413 1
"1209" 87.21662 52.2472 1
"1210" 22.20751 30.4855 1
"1211" 16.52617 34.91869 1
"1212" 61.13637 39.83418 1
"1213" 57.77314 40.60028 1
"1214" 61.67186 36.70989 1
"1215" 20.35667 31.04451 1
"1216" 55.92328 43.87673 1
"1217" 10.15595 25.96104 1
"1218" 14.8412 34.28687 1
"1219" 10.95329 29.75559 1
"1220" 52.53672 43.2859 1
"1221" 25.62623 31.65115 1
"1222" 15.75652 29.6765 1
"1223" 56.42386 41.32517 1
"1224" 63.80745 44.5317 1
"1225" 4.304829 25.5517 1
"1226" 79.71686 49.79076 1
"1227" 66.24948 46.64721 1
"1228" 4.541798 29.99513 1
"1229" 4.334923 23.0825 1
"1230" 96.02013 54.22865 1
"1231" 1.011927 23.81358 1
"1232" 65.42836 37.71128 1
"1233" 49.25428 39.80575 1
"1234" 53.37036 38.44701 1
"1235" 27.27379 34.58741 1
"1236" 29.31773 34.71804 1
"1237" 14.53316 26.85064 1
"1238" 69.10269 45.72669 1
"1239" 93.14847 45.80622 1
"1240" 27.18646 35.06246 1
"1241" 60.81971 41.51545 1
"1242" 62.25009 44.76184 1
"1243" 12.74571 32.87847 1
"1244" 8.648203 30.11402 1
"1245" 27.75039 35.84916 1
"1246" 98.00576 55.00549 1
"1247" 82.51097 44.0887 1
"1248" 35.26301 33.20937 1
"1249" 94.77466 54.28228 1
"1250" 54.11002 38.62511 1
"1251" 76.96267 48.27716 1
"1252" 29.66533 35.52673 1
"1253" 48.30672 36.62922 1
"1254" 38.13944 30.76129 1
"1255" 6.014479 25.67509 1
"1256" 3.542365 26.9714 1
"1257" 42.79527 36.27031 1
"1258" 86.57062 50.27412 1
"1259" 39.56741 33.89972 1
"1260" 72.69434 48.31584 1
"1261" 58.03984 49.3585 1
"1262" 1.853804 29.31002 1
"1263" 39.2179 31.46602 1
"1264" 98.48727 52.42942 1
"1265" 48.77371 38.25323 1
"1266" 94.10563 54.04864 1
"1267" 83.92847 47.52091 1
"1268" 17.95158 28.20647 1
"1269" 95.01048 56.11727 1
"1270" 85.99232 56.799 1
"1271" 78.49157 49.26422 1
"1272" 56.95004 47.07594 1
"1273" 30.26514 40.04051 1
"1274" 2.2786 27.37395 1
"1275" 13.82421 25.73971 1
"1276" 7.102759 32.72377 1
"1277" 91.6582 51.15574 1
"1278" 92.77932 48.825 1
"1279" 36.63238 33.29158 1
"1280" 39.29345 39.26251 1
"1281" 9.933824 31.0824 1
"1282" 65.13605 43.15685 1
"1283" 53.6407 41.0724 1
"1284" 6.007176 26.99028 1
"1285" 43.77612 34.51828 1
"1286" 7.929952 25.76094 1
"1287" 84.93139 49.95213 1
"1288" 10.6553 28.12178 1
"1289" 50.56388 41.96685 1
"1290" 53.51782 44.28866 1
"1291" 47.09897 37.74436 1
"1292" 75.5023 52.83143 1
"1293" 77.91595 51.85281 1
"1294" 49.98511 38.98042 1
"1295" 94.74432 51.05827 1
"1296" 92.95188 53.48661 1
"1297" 1.339721 26.39889 1
"1298" 42.30414 37.55673 1
"1299" 78.07794 49.92038 1
"1300" 97.5904 54.14107 1
"1301" 15.3421 28.34967 1
"1302" 98.76406 49.13309 1
"1303" 84.26995 46.11663 1
"1304" 95.15149 48.84324 1
"1305" 85.6029 50.39897 1
"1306" 82.6388 48.38061 1
"1307" 81.20543 48.51104 1
"1308" 52.12943 42.5144 1
"1309" 40.88581 37.22235 1
"1310" 88.90546 51.78046 1
"1311" 56.23732 48.52531 1
"1312" 78.77465 45.56763 1
"1313" 84.84227 51.4582 1
"1314" 34.36649 38.98149 1
"1315" 83.91218 48.75046 1
"1316" 58.07242 43.71855 1
"1317" 83.82288 55.54179 1
"1318" 87.88743 54.41362 1
"1319" 14.28755 25.4062 1
"1320" 1.782012 27.96936 1
"1321" 16.05546 27.62314 1
"1322" 73.18263 46.77164 1
"1323" 60.92303 38.09319 1
"1324" 21.70118 32.4414 1
"1325" 88.13552 49.91069 1
"1326" 32.5819 39.13367 1
"1327" 92.99683 51.38844 1
"1328" 52.77596 45.58374 1
"1329" 89.61299 57.29454 1
"1330" 56.79535 44.80744 1
"1331" 22.14588 28.86264 1
"1332" 5.707919 27.34571 1
"1333" 88.0762 48.06525 1
"1334" 85.75426 55.32975 1
"1335" 62.96912 42.48697 1
"1336" 51.57445 40.29388 1
"1337" 28.01765 35.10744 1
"1338" 34.8102 35.88959 1
"1339" 59.93217 43.16594 1
"1340" 91.23175 54.05089 1
"1341" 58.87559 48.60615 1
"1342" 32.27531 36.4666 1
"1343" 62.24922 41.83992 1
"1344" 88.9535 58.26649 1
"1345" 28.569 41.6209 1
"1346" 82.12865 54.42593 1
"1347" 52.80956 40.90731 1
"1348" 2.111467 24.43811 1
"1349" 19.12803 26.60918 1
"1350" 19.89675 31.78079 1
"1351" 14.09274 24.08006 1
"1352" 13.10906 23.5254 1
"1353" 27.85388 30.73693 1
"1354" 62.4575 44.85667 1
"1355" 8.41542 31.58077 1
"1356" 84.34779 47.26526 1
"1357" 72.26583 42.30737 1
"1358" 29.64892 32.31441 1
"1359" 45.30962 30.82323 1
"1360" 84.13946 50.82744 1
"1361" 80.27504 46.67568 1
"1362" 63.73686 43.44632 1
"1363" 5.919486 23.41308 1
"1364" 89.26754 48.33176 1
"1365" 73.25422 50.44884 1
"1366" 55.27571 46.07232 1
"1367" 20.92501 34.25483 1
"1368" 43.42269 37.35513 1
"1369" 95.62373 53.13751 1
"1370" 70.11113 42.13514 1
"1371" 39.30627 34.95224 1
"1372" 54.61295 40.0625 1
"1373" 10.81947 29.1643 1
"1374" 34.94499 35.90139 1
"1375" 42.01807 29.95346 1
"1376" 90.5457 51.33489 1
"1377" 78.63503 51.47761 1
"1378" 0.6762163 24.6956 1
"1379" 58.25274 43.57948 1
"1380" 11.07543 29.15833 1
"1381" 86.6315 47.70813 1
"1382" 12.07438 23.56254 1
"1383" 68.8685 46.8469 1
"1384" 96.12264 59.05788 1
"1385" 80.24846 46.45018 1
"1386" 38.16112 30.3476 1
"1387" 65.83267 43.40657 1
"1388" 59.29691 45.24537 1
"1389" 73.79422 43.70743 1
"1390" 51.50709 41.61537 1
"1391" 58.77429 45.99624 1
"1392" 84.81764 49.49368 1
"1393" 61.02322 40.71286 1
"1394" 77.85686 50.10254 1
"1395" 10.61887 31.39849 1
"1396" 83.84448 50.00049 1
"1397" 64.55123 36.59151 1
"1398" 87.8531 51.81682 1
"1399" 98.10714 51.8557 1
"1400" 19.35851 28.56781 1
"1401" 65.68083 45.52546 1
"1402" 48.16706 35.68054 1
"1403" 46.12696 38.60974 1
"1404" 89.16549 53.65513 1
"1405" 74.0705 45.00962 1
"1406" 48.37185 42.55394 1
"1407" 8.697452 27.93558 1
"1408" 77.28153 47.06175 1
"1409" 52.55726 41.12256 1
"1410" 82.89115 51.98495 1
"1411" 36.00877 34.33587 1
"1412" 83.56437 51.80548 1
"1413" 76.54902 44.34317 1
"1414" 44.91163 38.61543 1
"1415" 36.00092 36.0685 1
"1416" 4.130289 26.18217 1
"1417" 24.70294 31.06402 1
"1418" 31.35063 38.58183 1
"1419" 48.99593 39.37846 1
"1420" 8.66229 27.77238 1
"1421" 62.71419 46.6479 1
"1422" 37.15041 38.15159 1
"1423" 11.20596 29.26865 1
"1424" 36.2934 34.46546 1
"1425" 15.53807 31.17362 1
"1426" 16.82797 27.05663 1
"1427" 24.12723 29.92921 1
"1428" 21.33277 33.10225 1
"1429" 25.60254 35.57202 1
"1430" 53.33195 44.21865 1
"1431" 16.5847 31.41803 1
"1432" 57.87488 43.03062 1
"1433" 88.89168 49.53311 1
"1434" 60.47904 37.55775 1
"1435" 58.24107 41.3779 1
"1436" 63.39693 47.21809 1
"1437" 48.4693 38.31999 1
"1438" 42.48133 34.80612 1
"1439" 60.40401 49.23016 1
"1440" 0.7390126 20.46045 1
"1441" 64.46486 44.46937 1
"1442" 27.51749 35.20149 1
"1443" 97.84341 57.07417 1
"1444" 22.15879 33.688 1
"1445" 91.96908 46.49808 1
"1446" 83.58151 52.88783 1
"1447" 72.02081 47.4511 1
"1448" 47.65385 35.49529 1
"1449" 52.68013 41.76278 1
"1450" 49.60085 42.52376 1
"1451" 81.503 45.71954 1
"1452" 11.95357 32.42489 1
"1453" 73.64771 52.64207 1
"1454" 41.81559 38.7968 1
"1455" 30.04578 33.31545 1
"1456" 26.47543 34.87783 1
"1457" 62.47159 40.65608 1
"1458" 40.75906 36.45631 1
"1459" 40.5008 34.95885 1
"1460" 60.68199 40.32661 1
"1461" 45.40123 39.09607 1
"1462" 19.69396 34.18342 1
"1463" 79.572 50.33123 1
"1464" 82.83257 47.94267 1
"1465" 83.70851 51.88842 1
"1466" 10.42893 32.20348 1
"1467" 87.75999 50.4599 1
"1468" 71.60409 48.45458 1
"1469" 14.06053 30.43044 1
"1470" 93.63872 54.20488 1
"1471" 0.7878426 25.58357 1
"1472" 69.78739 46.12841 1
"1473" 50.68248 39.99444 1
"1474" 43.45453 39.59881 1
"1475" 86.22533 50.17767 1
"1476" 61.91779 46.03465 1
"1477" 60.10379 42.09269 1
"1478" 18.62005 33.08203 1
"1479" 92.17504 55.53978 1
"1480" 35.98172 33.38662 1
"1481" 72.37764 40.57691 1
"1482" 99.8647 55.44929 1
"1483" 68.48166 44.24561 1
"1484" 65.11908 38.46635 1
"1485" 90.67457 50.12936 1
"1486" 24.40916 30.8057 1
"1487" 3.960703 25.18365 1
"1488" 15.97214 33.98635 1
"1489" 97.06804 51.83293 1
"1490" 69.2918 47.1345 1
"1491" 56.94517 42.69772 1
"1492" 56.06959 39.31497 1
"1493" 5.592677 28.81953 1
"1494" 56.50704 42.86214 1
"1495" 75.85129 48.18234 1
"1496" 86.6525 55.46424 1
"1497" 2.314852 21.78283 1
"1498" 93.8447 56.60249 1
"1499" 23.08981 36.16958 1
"1500" 77.027 47.94568 1
"1501" 35.91911 42.24662 1
"1502" 80.4305 50.4977 1
"1503" 75.14463 46.94911 1
"1504" 70.17302 42.6166 1
"1505" 96.94577 51.14058 1
"1506" 70.91063 46.90653 1
"1507" 13.08518 32.79241 1
"1508" 78.14942 44.13795 1
"1509" 6.809587 30.31332 1
"1510" 94.33607 51.80349 1
"1511" 1.608816 24.97144 1
"1512" 14.96802 26.93205 1
"1513" 23.18341 35.42545 1
"1514" 33.52728 34.98252 1
"1515" 20.26349 33.50707 1
"1516" 68.94277 47.67898 1
"1517" 73.6697 49.47607 1
"1518" 17.30339 33.72319 1
"1519" 54.69713 41.55237 1
"1520" 53.23512 37.81598 1
"1521" 92.46128 51.70735 1
"1522" 30.7334 34.42945 1
"1523" 26.00653 28.4948 1
"1524" 63.05425 41.88167 1
"1525" 88.64127 55.87826 1
"1526" 68.3633 46.03583 1
"1527" 39.24988 36.81032 1
"1528" 23.40592 31.32404 1
"1529" 14.231 31.71766 1
"1530" 27.15473 31.70975 1
"1531" 42.34337 34.65536 1
"1532" 48.98147 37.58086 1
"1533" 79.29403 53.16806 1
"1534" 23.38823 32.30209 1
"1535" 13.09866 27.17752 1
"1536" 56.1769 40.5963 1
"1537" 62.59547 46.4215 1
"1538" 86.9259 54.4062 1
"1539" 39.83108 31.64334 1
"1540" 70.4442 42.33584 1
"1541" 79.16048 49.57411 1
"1542" 48.73333 38.29129 1
"1543" 29.89008 30.97054 1
"1544" 53.63495 42.37327 1
"1545" 54.8601 42.85959 1
"1546" 79.69852 48.92203 1
"1547" 98.52236 55.75656 1
"1548" 51.69072 41.32053 1
"1549" 89.38837 55.48445 1
"1550" 87.52984 48.52892 1
"1551" 39.41756 35.87503 1
"1552" 58.15098 41.31127 1
"1553" 0.2496357 23.71484 1
"1554" 96.61215 49.11887 1
"1555" 85.12761 47.36169 1
"1556" 29.30768 33.73819 1
"1557" 12.64531 30.914 1
"1558" 77.01796 47.5576 1
"1559" 25.29286 28.82549 1
"1560" 85.19408 54.2475 1
"1561" 49.86744 43.96578 1
"1562" 15.95852 25.96512 1
"1563" 17.60403 33.62397 1
"1564" 74.84497 44.49625 1
"1565" 33.08193 33.42247 1
"1566" 26.58973 29.13984 1
"1567" 3.040332 27.61388 1
"1568" 0.4376634 26.39771 1
"1569" 97.13912 45.94524 1
"1570" 56.04796 38.08755 1
"1571" 70.63143 52.79955 1
"1572" 52.80298 43.46648 1
"1573" 45.61858 46.71513 1
"1574" 56.30547 38.8218 1
"1575" 19.17958 30.58737 1
"1576" 76.14846 48.67582 1
"1577" 24.11654 32.27932 1
"1578" 79.66767 45.57553 1
"1579" 71.5364 43.95639 1
"1580" 64.13887 43.38018 1
"1581" 22.7671 33.58926 1
"1582" 81.59902 48.69055 1
"1583" 31.22247 33.81216 1
"1584" 89.19701 53.36656 1
"1585" 96.1057 55.00046 1
"1586" 48.29323 38.51169 1
"1587" 75.68817 51.42839 1
"1588" 40.37236 39.12077 1
"1589" 97.0513 53.80516 1
"1590" 5.667254 24.57228 1
"1591" 9.772566 26.82632 1
"1592" 26.77445 36.73235 1
"1593" 72.68634 46.30916 1
"1594" 37.40517 37.78125 1
"1595" 62.06144 46.84443 1
"1596" 89.6209 48.08368 1
"1597" 49.87962 38.76582 1
"1598" 12.03816 30.1464 1
"1599" 68.0141 44.14995 1
"1600" 74.90727 48.19026 1
"1601" 81.9894 54.58666 1
"1602" 29.63033 32.82248 1
"1603" 47.14508 42.18377 1
"1604" 83.32296 55.28545 1
"1605" 90.66158 45.6481 1
"1606" 22.61757 32.18335 1
"1607" 59.87838 46.78301 1
"1608" 48.8253 43.1074 1
"1609" 79.59364 49.19685 1
"1610" 96.9934 54.85456 1
"1611" 0.2274804 25.77726 1
"1612" 3.496821 24.20052 1
"1613" 29.82114 37.32995 1
"1614" 53.24565 42.22336 1
"1615" 7.156292 23.41588 1
"1616" 54.91475 42.06044 1
"1617" 51.88323 38.32044 1
"1618" 55.09342 38.20053 1
"1619" 94.27524 53.19663 1
"1620" 47.98952 38.45675 1
"1621" 71.98585 45.85249 1
"1622" 1.747468 27.87263 1
"1623" 28.0527 30.54736 1
"1624" 14.84112 27.36526 1
"1625" 65.90683 41.42789 1
"1626" 46.94473 43.02332 1
"1627" 37.50216 33.24143 1
"1628" 56.88602 41.22068 1
"1629" 22.71875 33.0788 1
"1630" 87.92342 49.07693 1
"1631" 67.20063 47.65089 1
"1632" 9.80347 24.34286 1
"1633" 79.64641 48.01775 1
"1634" 50.51558 42.3862 1
"1635" 48.93661 40.15831 1
"1636" 81.53623 48.40423 1
"1637" 20.96569 26.52918 1
"1638" 78.26793 44.78145 1
"1639" 12.78153 27.48859 1
"1640" 60.30503 42.77777 1
"1641" 57.6868 36.66702 1
"1642" 59.56726 43.04436 1
"1643" 47.23202 38.99645 1
"1644" 64.84416 49.93434 1
"1645" 53.63134 41.81747 1
"1646" 81.72666 48.81898 1
"1647" 11.56848 29.0332 1
"1648" 35.50422 37.3383 1
"1649" 67.63718 47.5052 1
"1650" 69.58022 48.84909 1
"1651" 43.28693 38.67564 1
"1652" 50.64372 42.94985 1
"1653" 17.40867 28.61572 1
"1654" 30.93114 37.49836 1
"1655" 97.20762 56.57404 1
"1656" 67.15383 45.84159 1
"1657" 83.29128 48.29908 1
"1658" 84.16314 52.55305 1
"1659" 50.85137 41.26712 1
"1660" 71.72906 45.38146 1
"1661" 62.62469 38.40322 1
"1662" 97.82658 52.44305 1
"1663" 58.23171 35.6004 1
"1664" 77.60028 45.79296 1
"1665" 23.96028 33.83841 1
"1666" 69.11939 40.98256 1
"1667" 72.33928 42.38181 1
"1668" 74.5164 48.41678 1
"1669" 64.49097 45.78595 1
"1670" 82.75498 41.75187 1
"1671" 18.99409 30.75844 1
"1672" 3.447188 26.32336 1
"1673" 61.72358 44.09082 1
"1674" 48.69656 39.50975 1
"1675" 22.1065 32.1408 1
"1676" 30.45277 37.08619 1
"1677" 6.12629 20.76492 1
"1678" 42.98763 39.52286 1
"1679" 20.43954 32.11196 1
"1680" 37.53567 37.20684 1
"1681" 8.294981 31.1614 1
"1682" 68.32833 44.61948 1
"1683" 56.27852 45.91672 1
"1684" 53.55706 41.33708 1
"1685" 82.28083 52.79683 1
"1686" 36.63912 39.90875 1
"1687" 33.37004 29.50374 1
"1688" 81.00786 50.0565 1
"1689" 92.54916 52.8211 1
"1690" 22.47537 33.48179 1
"1691" 66.87508 42.91668 1
"1692" 79.91264 44.66292 1
"1693" 38.7694 40.44723 1
"1694" 0.9552445 26.7035 1
"1695" 73.06765 44.46874 1
"1696" 87.07251 51.77256 1
"1697" 1.99946 28.70992 1
"1698" 32.00606 36.54868 1
"1699" 62.49534 38.94043 1
"1700" 59.5973 44.75799 1
"1701" 11.55392 32.15021 1
"1702" 97.09123 51.95004 1
"1703" 35.10765 28.71756 1
"1704" 20.11788 29.33519 1
"1705" 55.49088 41.56382 1
"1706" 62.56186 42.60014 1
"1707" 97.90915 61.48873 1
"1708" 81.43387 55.47592 1
"1709" 63.06446 45.71616 1
"1710" 53.06822 42.82359 1
"1711" 88.73569 41.74975 1
"1712" 63.26411 43.79303 1
"1713" 0.9676884 26.96896 1
"1714" 19.84853 29.95953 1
"1715" 42.85713 32.99702 1
"1716" 51.78577 37.42697 1
"1717" 11.00963 24.00646 1
"1718" 89.69235 53.27037 1
"1719" 79.24944 46.3426 1
"1720" 86.79915 51.10855 1
"1721" 4.165047 29.70803 1
"1722" 15.3503 31.8933 1
"1723" 28.39895 38.87272 1
"1724" 63.82711 44.61095 1
"1725" 65.58524 44.99776 1
"1726" 21.34478 27.95753 1
"1727" 5.597899 27.82391 1
"1728" 1.372913 24.30498 1
"1729" 36.46152 38.62512 1
"1730" 32.89798 37.63304 1
"1731" 18.26243 32.1302 1
"1732" 20.65842 31.86222 1
"1733" 99.04843 52.08594 1
"1734" 74.85904 48.58655 1
"1735" 41.11381 43.50349 1
"1736" 64.88192 47.27873 1
"1737" 10.90321 29.02251 1
"1738" 63.71603 47.35337 1
"1739" 30.14515 31.26623 1
"1740" 76.30551 45.65232 1
"1741" 13.87979 26.87561 1
"1742" 84.35444 54.03625 1
"1743" 29.02155 34.70251 1
"1744" 42.38798 37.39801 1
"1745" 14.0128 29.3339 1
"1746" 45.53869 38.59975 1
"1747" 17.12608 26.51131 1
"1748" 46.75719 44.20045 1
"1749" 62.13743 45.43939 1
"1750" 18.48301 33.13164 1
"1751" 30.72509 36.60523 1
"1752" 27.99623 34.87144 1
"1753" 75.65333 48.26913 1
"1754" 19.71197 32.22704 1
"1755" 97.05756 54.39827 1
"1756" 76.55779 46.69322 1
"1757" 57.15316 43.36518 1
"1758" 33.82637 36.04542 1
"1759" 6.688915 29.50064 1
"1760" 78.48942 50.05416 1
"1761" 89.05892 47.23403 1
"1762" 96.11826 53.7835 1
"1763" 88.42997 49.46385 1
"1764" 22.97592 23.7189 1
"1765" 89.7737 55.41916 1
"1766" 34.50104 36.46449 1
"1767" 16.76996 29.89922 1
"1768" 37.50256 34.18219 1
"1769" 53.91118 43.88486 1
"1770" 12.24123 26.27226 1
"1771" 81.4844 52.93711 1
"1772" 74.2062 47.18738 1
"1773" 65.59057 41.41011 1
"1774" 77.32006 40.24337 1
"1775" 5.910955 32.42587 1
"1776" 17.04904 30.00279 1
"1777" 77.82775 45.71275 1
"1778" 38.51317 40.67552 1
"1779" 66.86715 47.43003 1
"1780" 39.2143 35.49352 1
"1781" 70.80223 47.00831 1
"1782" 9.529264 32.21546 1
"1783" 56.8444 45.1159 1
"1784" 78.20444 48.51319 1
"1785" 63.70226 40.16206 1
"1786" 33.51029 36.11553 1
"1787" 26.54328 31.83585 1
"1788" 36.35878 36.53312 1
"1789" 59.1157 38.14951 1
"1790" 25.43852 31.93866 1
"1791" 53.94532 40.25957 1
"1792" 62.26067 43.77018 1
"1793" 62.80838 43.90006 1
"1794" 27.54961 36.31521 1
"1795" 97.33388 46.62395 1
"1796" 99.49849 58.46575 1
"1797" 92.13431 54.46457 1
"1798" 65.06859 44.31792 1
"1799" 3.354876 29.26221 1
"1800" 22.55088 34.90048 1
"1801" 62.72497 44.68294 1
"1802" 47.91779 36.40204 1
"1803" 58.02812 42.3237 1
"1804" 19.96986 32.57805 1
"1805" 10.62274 26.73568 1
"1806" 22.04163 31.63722 1
"1807" 43.29329 42.17323 1
"1808" 98.32522 53.76837 1
"1809" 96.98423 54.66641 1
"1810" 68.54672 43.52591 1
"1811" 24.94316 35.18918 1
"1812" 73.8003 50.82294 1
"1813" 48.20932 44.65402 1
"1814" 89.3029 50.60709 1
"1815" 46.25501 30.72245 1
"1816" 20.39842 29.04522 1
"1817" 30.09167 31.67248 1
"1818" 49.69941 36.72236 1
"1819" 58.03574 45.00651 1
"1820" 81.0355 46.60601 1
"1821" 9.281984 29.80298 1
"1822" 21.0915 31.46991 1
"1823" 76.8195 42.84054 1
"1824" 43.65088 40.76976 1
"1825" 75.11391 44.88298 1
"1826" 54.4729 48.4444 1
"1827" 8.095066 30.13779 1
"1828" 41.48581 38.21683 1
"1829" 33.03605 31.00489 1
"1830" 93.00573 53.11907 1
"1831" 40.50276 40.02771 1
"1832" 87.3557 49.58829 1
"1833" 28.00174 33.30218 1
"1834" 96.29808 54.61996 1
"1835" 51.47377 42.83507 1
"1836" 7.15146 26.96085 1
"1837" 88.61865 52.31078 1
"1838" 23.6574 27.62001 1
"1839" 24.09771 33.24635 1
"1840" 99.16482 62.59482 1
"1841" 69.19922 46.92135 1
"1842" 62.84104 42.81235 1
"1843" 4.207479 29.21194 1
"1844" 94.68023 56.82109 1
"1845" 51.52908 43.79686 1
"1846" 23.4387 29.65528 1
"1847" 7.650436 28.02525 1
"1848" 34.53673 42.00198 1
"1849" 93.62138 51.69053 1
"1850" 95.87933 50.9106 1
"1851" 15.98163 25.8634 1
"1852" 23.04297 31.43516 1
"1853" 43.05425 43.46851 1
"1854" 12.39857 27.46752 1
"1855" 47.73345 36.52064 1
"1856" 7.173123 29.06677 1
"1857" 6.700549 33.55889 1
"1858" 71.95123 42.57732 1
"1859" 49.23647 40.89214 1
"1860" 11.69976 32.50691 1
"1861" 91.26014 54.3423 1
"1862" 23.60923 32.30709 1
"1863" 58.04312 43.0095 1
"1864" 72.39507 46.04129 1
"1865" 93.30744 55.23695 1
"1866" 3.850532 21.4804 1
"1867" 37.52093 31.58332 1
"1868" 63.28922 42.13442 1
"1869" 73.46542 47.7651 1
"1870" 64.71656 46.58041 1
"1871" 98.50442 53.4818 1
"1872" 86.99107 51.33101 1
"1873" 86.72724 46.47636 1
"1874" 34.35043 35.81518 1
"1875" 54.46602 41.44955 1
"1876" 25.46335 25.88717 1
"1877" 25.45705 31.30457 1
"1878" 19.81321 32.01802 1
"1879" 93.94978 52.03294 1
"1880" 48.94586 39.99288 1
"1881" 44.79666 41.56878 1
"1882" 51.61171 39.20166 1
"1883" 83.71027 56.07134 1
"1884" 48.76451 44.47675 1
"1885" 27.40922 31.42485 1
"1886" 96.53327 54.69707 1
"1887" 98.3342 60.15405 1
"1888" 35.22437 34.6573 1
"1889" 95.05061 55.62332 1
"1890" 15.05762 32.88162 1
"1891" 34.08556 31.27752 1
"1892" 89.58406 52.23278 1
"1893" 11.88046 28.58557 1
"1894" 31.21009 33.14523 1
"1895" 72.41505 48.064 1
"1896" 92.11026 51.88908 1
"1897" 19.44008 29.7522 1
"1898" 48.47975 34.74651 1
"1899" 11.14628 32.25256 1
"1900" 65.22689 45.44911 1
"1901" 36.41288 37.61038 1
"1902" 76.80055 50.4483 1
"1903" 57.0408 38.47745 1
"1904" 95.24324 51.6942 1
"1905" 78.71225 51.84319 1
"1906" 94.8312 50.52906 1
"1907" 50.22046 36.72394 1
"1908" 14.6372 33.11643 1
"1909" 67.47258 45.4094 1
"1910" 59.9048 43.21045 1
"1911" 15.6088 28.63551 1
"1912" 14.68888 24.61604 1
"1913" 48.26899 39.01237 1
"1914" 45.75437 41.11388 1
"1915" 57.90876 44.04285 1
"1916" 73.10728 45.6394 1
"1917" 31.642 36.35357 1
"1918" 74.12956 52.20174 1
"1919" 19.95666 26.73545 1
"1920" 3.899027 23.0409 1
"1921" 82.82375 49.42764 1
"1922" 91.79424 51.00933 1
"1923" 33.2183 36.65567 1
"1924" 41.12167 35.03457 1
"1925" 37.22414 33.64908 1
"1926" 16.86239 30.56585 1
"1927" 3.632042 24.67516 1
"1928" 1.92615 29.20211 1
"1929" 52.37301 42.89827 1
"1930" 99.23217 49.80916 1
"1931" 80.26954 44.28136 1
"1932" 49.26829 42.21541 1
"1933" 5.25779 29.02164 1
"1934" 97.1899 49.51155 1
"1935" 47.63392 40.83209 1
"1936" 80.1679 47.98716 1
"1937" 79.27505 49.75753 1
"1938" 28.62502 31.47545 1
"1939" 14.1935 29.615 1
"1940" 82.72002 50.07763 1
"1941" 5.41571 30.65591 1
"1942" 36.59305 32.51704 1
"1943" 80.73913 49.65522 1
"1944" 63.96577 39.79389 1
"1945" 39.64878 32.34991 1
"1946" 48.45631 30.61176 1
"1947" 65.9416 44.58165 1
"1948" 55.67544 40.44937 1
"1949" 77.78788 47.49309 1
"1950" 73.46911 44.1897 1
"1951" 30.99589 36.79286 1
"1952" 93.82138 48.57439 1
"1953" 53.60631 45.79073 1
"1954" 31.43058 35.79046 1
"1955" 27.71565 36.88021 1
"1956" 85.1073 52.25697 1
"1957" 70.10786 46.78737 1
"1958" 64.62617 43.61195 1
"1959" 90.51936 48.80944 1
"1960" 13.15826 29.74747 1
"1961" 59.18533 39.93729 1
"1962" 43.42695 39.1347 1
"1963" 77.49536 47.84563 1
"1964" 83.76975 49.63341 1
"1965" 67.6344 39.81017 1
"1966" 91.43592 52.3871 1
"1967" 4.628909 30.30051 1
"1968" 2.584855 24.97476 1
"1969" 43.01186 36.78841 1
"1970" 8.500989 28.23945 1
"1971" 40.84573 34.07359 1
"1972" 3.939484 27.4924 1
"1973" 68.14561 45.90583 1
"1974" 10.05797 29.60448 1
"1975" 92.29883 52.05217 1
"1976" 99.93262 54.46845 1
"1977" 75.47293 46.1973 1
"1978" 48.20634 35.31248 1
"1979" 13.80801 30.26402 1
"1980" 4.963109 22.37599 1
"1981" 73.04668 46.06356 1
"1982" 9.51792 23.34563 1
"1983" 38.02986 39.90615 1
"1984" 5.751334 25.44759 1
"1985" 81.13886 43.93118 1
"1986" 32.12447 31.19423 1
"1987" 39.27806 34.74938 1
"1988" 57.06101 44.6277 1
"1989" 15.56202 24.18313 1
"1990" 46.56871 37.80466 1
"1991" 42.66594 37.21835 1
"1992" 8.309744 30.43647 1
"1993" 73.85781 50.36587 1
"1994" 5.322606 31.01971 1
"1995" 17.31421 31.5058 1
"1996" 71.92099 46.01331 1
"1997" 85.27439 51.86151 1
"1998" 0.02849861 24.24 1
"1999" 99.20837 50.2017 1
"2000" 48.45682 40.97587 1
"2001" 27.12526 25.92095 2
"2002" 94.60103 45.25342 2
"2003" 50.69828 34.35846 2
"2004" 25.2398 26.26006 2
"2005" 76.81877 44.78346 2
"2006" 74.82574 44.5677 2
"2007" 47.20992 40.82749 2
"2008" 72.10546 45.16567 2
"2009" 92.16135 50.6875 2
"2010" 4.217955 19.75227 2
"2011" 43.75038 28.28385 2
"2012" 80.63122 45.77027 2
"2013" 50.50226 38.94755 2
"2014" 3.250472 21.92588 2
"2015" 51.85044 36.81017 2
"2016" 76.89338 38.21337 2
"2017" 78.28112 44.63363 2
"2018" 59.85562 42.16766 2
"2019" 49.02706 31.53907 2
"2020" 14.34559 24.77103 2
"2021" 26.77805 31.83947 2
"2022" 5.383713 20.63219 2
"2023" 51.88894 38.00768 2
"2024" 92.73674 61.24327 2
"2025" 80.9202 45.27438 2
"2026" 96.9679 53.41395 2
"2027" 1.55625 22.5502 2
"2028" 33.87574 27.49937 2
"2029" 97.62117 52.12169 2
"2030" 74.50687 37.50901 2
"2031" 22.07437 26.63022 2
"2032" 54.52764 37.02937 2
"2033" 8.82153 19.85884 2
"2034" 55.6672 39.69942 2
"2035" 29.19721 27.33856 2
"2036" 95.75835 47.54979 2
"2037" 77.19644 39.59496 2
"2038" 6.440494 19.40604 2
"2039" 35.71298 28.95056 2
"2040" 86.42226 47.4876 2
"2041" 12.32175 22.54258 2
"2042" 80.52453 46.46996 2
"2043" 25.19559 27.11617 2
"2044" 46.54774 34.23773 2
"2045" 94.36744 53.58793 2
"2046" 88.41684 41.27391 2
"2047" 76.2219 40.34131 2
"2048" 46.2344 39.17998 2
"2049" 27.5523 31.18899 2
"2050" 33.69149 35.4738 2
"2051" 16.27562 21.24191 2
"2052" 95.58777 56.47844 2
"2053" 51.70472 37.78968 2
"2054" 6.804912 20.13052 2
"2055" 14.89525 25.57761 2
"2056" 26.15763 29.47493 2
"2057" 56.32428 38.27898 2
"2058" 26.03527 27.37137 2
"2059" 81.4116 49.76741 2
"2060" 3.077327 17.5662 2
"2061" 66.85995 37.39858 2
"2062" 26.14437 25.30033 2
"2063" 81.57632 52.87153 2
"2064" 5.142769 18.91694 2
"2065" 6.295937 23.81154 2
"2066" 1.158463 13.41794 2
"2067" 5.329899 21.62104 2
"2068" 63.00785 38.04852 2
"2069" 82.27482 52.58146 2
"2070" 40.60361 27.32881 2
"2071" 98.39682 51.15344 2
"2072" 4.002408 19.18752 2
"2073" 26.81259 22.47545 2
"2074" 34.3378 24.11565 2
"2075" 28.64677 28.52376 2
"2076" 17.5541 22.72262 2
"2077" 52.00062 38.21461 2
"2078" 32.23817 27.32924 2
"2079" 42.60851 27.31713 2
"2080" 11.58107 22.26911 2
"2081" 77.5686 46.3132 2
"2082" 13.49808 16.57253 2
"2083" 71.64715 44.708 2
"2084" 58.21168 34.38462 2
"2085" 6.57788 17.99962 2
"2086" 1.527496 24.12988 2
"2087" 91.17838 48.02993 2
"2088" 89.8267 50.10764 2
"2089" 80.01656 45.59995 2
"2090" 77.29417 52.64302 2
"2091" 97.31403 55.436 2
"2092" 91.0102 43.58378 2
"2093" 95.97483 61.44517 2
"2094" 75.24186 42.68053 2
"2095" 85.50144 46.0955 2
"2096" 53.16304 38.90812 2
"2097" 51.4882 40.38545 2
"2098" 63.43143 38.27356 2
"2099" 75.0406 45.28126 2
"2100" 84.03148 55.39732 2
"2101" 2.6803 18.94117 2
"2102" 96.50641 56.39244 2
"2103" 5.381555 17.89126 2
"2104" 51.7823 37.67704 2
"2105" 59.69732 36.54167 2
"2106" 81.77132 48.53798 2
"2107" 77.31459 52.12302 2
"2108" 96.95385 52.14007 2
"2109" 74.79572 41.68211 2
"2110" 5.572783 22.04446 2
"2111" 23.14908 19.44198 2
"2112" 17.60101 21.37482 2
"2113" 1.482235 18.81803 2
"2114" 18.43314 24.89531 2
"2115" 65.6733 45.04767 2
"2116" 71.67026 42.04707 2
"2117" 29.28657 31.145 2
"2118" 66.18135 52.12759 2
"2119" 94.22715 59.30929 2
"2120" 40.28046 33.93046 2
"2121" 54.63274 35.01973 2
"2122" 10.18793 27.91871 2
"2123" 86.5276 48.52982 2
"2124" 36.04056 26.91347 2
"2125" 98.72881 60.75466 2
"2126" 74.15867 49.04151 2
"2127" 18.75801 26.32471 2
"2128" 46.53836 30.15275 2
"2129" 87.80866 53.64994 2
"2130" 56.60709 39.88466 2
"2131" 4.738481 17.36468 2
"2132" 23.01157 30.81165 2
"2133" 6.186476 21.58471 2
"2134" 4.320285 21.40218 2
"2135" 9.120105 28.14623 2
"2136" 47.26849 30.93843 2
"2137" 45.64239 39.85932 2
"2138" 87.5817 46.1092 2
"2139" 50.9229 34.14209 2
"2140" 18.76518 27.79073 2
"2141" 6.284004 15.59752 2
"2142" 38.38749 25.25159 2
"2143" 10.94106 20.22608 2
"2144" 83.06078 45.84578 2
"2145" 43.70982 34.36375 2
"2146" 96.4572 48.90467 2
"2147" 74.73523 48.32033 2
"2148" 39.04684 43.11641 2
"2149" 98.05803 46.8797 2
"2150" 65.21487 36.08141 2
"2151" 46.71821 29.81651 2
"2152" 69.29434 40.08705 2
"2153" 44.85037 31.83334 2
"2154" 12.22719 25.31757 2
"2155" 55.04353 39.6504 2
"2156" 40.6209 31.56146 2
"2157" 86.66606 49.47686 2
"2158" 73.09696 42.31223 2
"2159" 94.14016 53.60788 2
"2160" 57.47491 40.22186 2
"2161" 46.09772 33.14095 2
"2162" 48.82405 41.19278 2
"2163" 96.16606 56.05784 2
"2164" 80.1128 45.71432 2
"2165" 15.48072 24.88007 2
"2166" 17.97148 20.881 2
"2167" 20.15418 33.24354 2
"2168" 13.20382 20.75931 2
"2169" 8.097444 21.91417 2
"2170" 78.99581 46.15644 2
"2171" 82.85026 47.19785 2
"2172" 20.33374 21.18042 2
"2173" 62.95551 39.3615 2
"2174" 46.08998 34.08865 2
"2175" 7.475675 16.5956 2
"2176" 3.298813 19.60107 2
"2177" 7.120494 17.47545 2
"2178" 67.2597 48.82429 2
"2179" 26.00408 23.90941 2
"2180" 64.61447 46.3652 2
"2181" 35.43968 35.58238 2
"2182" 63.42171 42.14203 2
"2183" 68.39026 40.70836 2
"2184" 76.90495 42.44776 2
"2185" 7.19397 21.94812 2
"2186" 10.80205 13.88782 2
"2187" 10.26602 23.36493 2
"2188" 13.17343 25.29478 2
"2189" 54.89418 42.42635 2
"2190" 69.25488 41.2055 2
"2191" 37.91607 34.2917 2
"2192" 57.65938 46.5106 2
"2193" 93.31201 56.12999 2
"2194" 96.88642 56.26337 2
"2195" 61.19122 43.58579 2
"2196" 86.07608 45.75862 2
"2197" 30.4229 30.70293 2
"2198" 58.98387 39.42795 2
"2199" 71.67764 43.74706 2
"2200" 96.9904 58.52158 2
"2201" 79.58169 37.935 2
"2202" 65.6137 36.60661 2
"2203" 46.46612 32.76008 2
"2204" 17.90126 27.64482 2
"2205" 82.03411 47.78862 2
"2206" 57.93726 39.64604 2
"2207" 14.58772 24.75848 2
"2208" 40.91331 22.34138 2
"2209" 18.14217 24.98772 2
"2210" 76.76308 39.80263 2
"2211" 8.447563 31.3386 2
"2212" 56.63617 32.82755 2
"2213" 32.7519 31.33805 2
"2214" 1.328094 14.24505 2
"2215" 9.849137 21.6575 2
"2216" 60.48006 41.21379 2
"2217" 2.315827 14.9244 2
"2218" 72.67782 39.88513 2
"2219" 96.30976 45.50846 2
"2220" 82.31763 41.5945 2
"2221" 20.73424 25.85789 2
"2222" 97.89449 47.19837 2
"2223" 15.96863 19.68965 2
"2224" 9.079423 20.39615 2
"2225" 24.57927 26.61791 2
"2226" 9.872487 26.63886 2
"2227" 10.18062 22.61609 2
"2228" 96.1544 47.23894 2
"2229" 7.591519 22.07668 2
"2230" 19.71696 25.55876 2
"2231" 51.82035 42.99984 2
"2232" 59.78988 36.38339 2
"2233" 71.39308 41.34215 2
"2234" 93.62826 55.10227 2
"2235" 12.51343 23.25653 2
"2236" 93.58995 41.84166 2
"2237" 64.55649 38.92016 2
"2238" 68.72631 36.32491 2
"2239" 43.11908 30.62136 2
"2240" 72.92026 40.95765 2
"2241" 18.53639 16.83748 2
"2242" 67.95149 42.70855 2
"2243" 77.88318 43.924 2
"2244" 81.9335 37.83233 2
"2245" 96.61523 49.78626 2
"2246" 35.51309 25.19151 2
"2247" 88.10805 52.34836 2
"2248" 68.77234 46.27428 2
"2249" 78.69074 40.11244 2
"2250" 44.50457 36.60431 2
